# Test DS on flux grid (No Boundary conditions)!
# Type n(3), Nx(8), Ny(80), Nz(20)
# Type multipleX (1) and multipleY (100)!
# You typed
n:  3
Nx: 8
Ny: 160
Nz: 80
mx: 1
my: 100
# Type method (dg, nearest, linear, cubic) 
# You typed
method: dg
# Constructing Grid...
# Constructing Fieldlines...
# Construction took 7.75102s
Flux:
    forward:           0.0563904
    forward_vol:                       0.0340122
    backward:          0.0563939
    backward_vol:                      -0.0370086
    centered:          0.00299811
    centered_vol:                      -0.00149822
    dss:               0.00246896
    dss_vol:                           -3.45285e-06
    divForward:        0.0601911
    divForward_vol:                    0.0007046
    divBackward:       0.0602274
    divBackward_vol:                   0.000612383
    divCentered:       0.00348631
    divCentered_vol:                   0.000658491
    directLap:         0.00279416
    directLap_vol:                     -3.12712e-06
#Number of BICGSTABl iterations: 6
#Took                          : 0.200127
    invCenteredLap:    1.93766e-05
    invCenteredLap_vol:                2.94694e-07
# TEST VOLUME FORMS
volume_error:
    minus:             1.53645e-07
    plus:              1.53545e-07
