# Test DS on flux grid (No Boundary conditions)!
# Type n(3), Nx(8), Ny(80), Nz(20)
# Type multipleX (1) and multipleY (100)!
# You typed
n:  3
Nx: 8
Ny: 80
Nz: 40
mx: 1
my: 1
# Type method (dg, nearest, linear, cubic) 
# You typed
method: dg
# Constructing Grid...
# Constructing Fieldlines...
# Construction took 5.0509s
Flux:
    forward:           0.112543
    forward_vol:                       0.0649362
    backward:          0.112558
    backward_vol:                      -0.0767741
    centered:          0.0119174
    centered_vol:                      -0.00591896
    dss:               0.00915216
    dss_vol:                           -6.55609e-06
    divForward:        0.120072
    divForward_vol:                    0.0016304
    divBackward:       0.120226
    divBackward_vol:                   0.00109296
    divCentered:       0.0137707
    divCentered_vol:                   0.00136168
    directLap:         0.010338
    directLap_vol:                     -4.04765e-06
#Number of BICGSTABl iterations: 8
#Took                          : 0.0756022
    invCenteredLap:    4.76805e-05
    invCenteredLap_vol:                1.70871e-05
# TEST VOLUME FORMS
volume_error:
    minus:             1.23378e-06
    plus:              1.22684e-06
