# Test DS on flux grid (No Boundary conditions)!
# Type n(3), Nx(8), Ny(80), Nz(20)
# Type multipleX (1) and multipleY (100)!
# You typed
n:  3
Nx: 8
Ny: 80
Nz: 40
mx: 1
my: 10
# Type method (dg, nearest, linear, cubic) 
# You typed
method: dg
# Constructing Grid...
# Constructing Fieldlines...
# Construction took 5.14733s
Flux:
    forward:           0.112543
    forward_vol:                       0.0647978
    backward:          0.112557
    backward_vol:                      -0.0767344
    centered:          0.0119184
    centered_vol:                      -0.00596828
    dss:               0.00902658
    dss_vol:                           -8.92365e-06
    divForward:        0.120072
    divForward_vol:                    0.00149175
    divBackward:       0.120225
    divBackward_vol:                   0.00113481
    divCentered:       0.0137721
    divCentered_vol:                   0.00131328
    directLap:         0.010233
    directLap_vol:                     -6.43176e-06
#Number of BICGSTABl iterations: 8
#Took                          : 0.0770418
    invCenteredLap:    4.76805e-05
    invCenteredLap_vol:                1.54497e-05
# TEST VOLUME FORMS
volume_error:
    minus:             1.23378e-06
    plus:              1.22684e-06
