# Test DS on flux grid (No Boundary conditions)!
# Type n(3), Nx(8), Ny(80), Nz(20)
# Type multipleX (1) and multipleY (100)!
# You typed
n:  3
Nx: 8
Ny: 40
Nz: 20
mx: 1
my: 10
# Type method (dg, nearest, linear, cubic) 
# You typed
method: dg
# Constructing Grid...
# Constructing Fieldlines...
# Construction took 4.19063s
Flux:
    forward:           0.223218
    forward_vol:                       0.116026
    backward:          0.223274
    backward_vol:                      -0.163497
    centered:          0.046525
    centered_vol:                      -0.0237354
    dss:               0.0347365
    dss_vol:                           -2.53313e-05
    divForward:        0.237876
    divForward_vol:                    0.00312516
    divBackward:       0.238479
    divBackward_vol:                   0.00173857
    divCentered:       0.0535185
    divCentered_vol:                   0.00243186
    directLap:         0.0392895
    directLap_vol:                     -1.30327e-05
#Number of BICGSTABl iterations: 9
#Took                          : 0.0324125
    invCenteredLap:    0.000266403
    invCenteredLap_vol:                -0.000113214
# TEST VOLUME FORMS
volume_error:
    minus:             9.93141e-06
    plus:              9.75156e-06
