# Test the parallel derivative DS in cylindrical coordinates for circular flux surfaces with DIR and NEU boundary conditions.
# Type n (3), Nx(20), Ny(20), Nz(20)
# You typed
n:  3
Nx: 40
Ny: 40
Nz: 40
# Type mx (10) and my (10)
# You typed
mx: 10
my: 10
# Create parallel Derivative!
# DS: High order grid gen  took: 0.000939494
# DS: Computing all points took: 1.20316
# DS: Multiplication PI    took: 4.24376
# TEST NEU Boundary conditions!
# TEST ADJOINT derivatives do unfortunately not fulfill Neumann BC!
Neumann:
    forward:           0.0811066
    backward:          0.0811066
    centered:          0.00586256
    dss:               0.00978811
    divForward:        0.139735
    divBackward:       0.139735
    divCentered:       0.0781155
    divDirectForward:  0.0810985
    divDirectBackward: 0.0810985
    divDirectCentered: 0.00586198
    forwardLap:        0.0845282
    backwardLap:       0.0845282
    centeredLap:       0.0918438
    directLap:         0.00979368
# of cg iterations 	49	# took 	1.98286s
    invForwardLap:     8.75433e-05
# of cg iterations 	49	# took 	2.25212s
    invBackwardLap:    8.75433e-05
# of cg iterations 	39	# took 	1.35683s
    invCenteredLap:    0.000325496
# Reconstruct parallel derivative!
# DS: High order grid gen  took: 0.000390265
# DS: Computing all points took: 1.16579
# DS: Multiplication PI    took: 4.19427
# TEST DIR Boundary conditions!
Dirichlet: 
    forward:           0.0810497
    backward:          0.0810497
    centered:          0.00609204
    dss:               0.0400024
    divForward:        0.139683
    divBackward:       0.139683
    divCentered:       0.0780946
    divDirectForward:  0.0810417
    divDirectBackward: 0.0810417
    divDirectCentered: 0.00609144
    forwardLap:        0.0916094
    backwardLap:       0.0916094
    centeredLap:       0.0999803
    directLap:         0.0400075
# of cg iterations 	57	# took 	2.04262s
    invForwardLap:     0.000141042
# of cg iterations 	57	# took 	2.11197s
    invBackwardLap:    0.000141042
# of cg iterations 	42	# took 	1.47745s
    invCenteredLap:    0.000415781
# TEST FIELDALIGNED EVALUATION of a Gaussian
# Norm Centered Derivative 0.100072 (compare with that of ds_mpit)
