# Test the parallel derivative DS in cylindrical coordinates for circular flux surfaces with DIR and NEU boundary conditions.
# Type n (3), Nx(20), Ny(20), Nz(20)
# You typed
n:  3
Nx: 64
Ny: 64
Nz: 80
# Type mx (10) and my (10)
# You typed
mx: 10
my: 10
# Type method (dg, nearest, linear, cubic) 
# You typed
method: dg
# Create parallel Derivative!
# DS: High order grid gen  took: 0.000368576
# DS: Computing all points took: 2.94311
# DS: Multiplication PI    took: 10.8587
# TEST NEU Boundary conditions!
# TEST ADJOINT derivatives do unfortunately not fulfill Neumann BC!
Neumann:
    forward:           0.040584
    backward:          0.040584
    forward2:          0.00348116
    backward2:         0.00348116
    centered:          0.00147904
    dss:               0.00250147
    centered_bc_along: 0.00147344
    dss_bc_along:      0.00488488
    divForward:        0.458744
    divBackward:       0.458744
    divCentered:       0.346163
    divDirectForward:  0.04058
    divDirectBackward: 0.04058
    divDirectCentered: 0.00147884
    forwardLap:        0.336332
    backwardLap:       0.336332
    centeredLap:       0.336177
    directLap:         0.00250287
    directLap_bc_along: 0.00488592
# of cg iterations 	75	# took 	3.77652s
    invForwardLap:     9.73537e-05
# of cg iterations 	75	# took 	3.77908s
    invBackwardLap:    9.73537e-05
# of cg iterations 	54	# took 	2.69211s
    invCenteredLap:    0.000156668
# Reconstruct parallel derivative!
# DS: High order grid gen  took: 0.00036528
# DS: Computing all points took: 2.87776
# DS: Multiplication PI    took: 10.8924
# TEST DIR Boundary conditions!
Dirichlet: 
    forward:           0.040569
    backward:          0.040569
    forward2:          0.00321412
    backward2:         0.00321412
    centered:          0.00168765
    dss:               0.0253435
    centered_bc_along: 0.00144884
    dss_bc_along:      0.00537609
    divForward:        0.458741
    divBackward:       0.458741
    divCentered:       0.346162
    divDirectForward:  0.0405649
    divDirectBackward: 0.0405649
    divDirectCentered: 0.00168743
    forwardLap:        0.337215
    backwardLap:       0.337215
    centeredLap:       0.337663
    directLap:         0.025346
    directLap_bc_along: 0.00537705
# of cg iterations 	82	# took 	4.12485s
    invForwardLap:     0.000101422
# of cg iterations 	82	# took 	4.12828s
    invBackwardLap:    0.000101422
# of cg iterations 	64	# took 	3.18011s
    invCenteredLap:    0.00021455
# TEST FIELDALIGNED EVALUATION of a Gaussian
# took 34.9124s
# Norm Centered Derivative 0.100718 (compare with that of ds_mpit)
# TEST STAGGERED GRID DERIVATIVE
# DS: High order grid gen  took: 0.000303104
# DS: Computing all points took: 2.80349
# DS: Multiplication PI    took: 10.7453
NeumannST:
    forward:           0.00162165
    backward:          0.00162165
DirichletST:
    forward:           0.00165208
    backward:          0.00165208
