# Test the parallel derivative DS in cylindrical coordinates for circular flux surfaces with DIR and NEU boundary conditions.
# Type n (3), Nx(20), Ny(20), Nz(20)
# You typed
n:  3
Nx: 64
Ny: 64
Nz: 80
# Type mx (10) and my (10)
# You typed
mx: 1
my: 1
# Type method (dg, nearest, linear, cubic) 
# You typed
method: dg
# Create parallel Derivative!
# DS: High order grid gen  took: 0.00043664
# DS: Computing all points took: 0.324745
# DS: Multiplication PI    took: 0.03689
# TEST NEU Boundary conditions!
# TEST ADJOINT derivatives do unfortunately not fulfill Neumann BC!
Neumann:
    forward:           0.040584
    backward:          0.040584
    forward2:          0.00348327
    backward2:         0.00348327
    centered:          0.00147929
    dss:               0.00252688
    centered_bc_along: 0.00147369
    dss_bc_along:      0.00489799
    divForward:        7.37259
    divBackward:       7.37259
    divCentered:       6.35052
    divDirectForward:  0.04058
    divDirectBackward: 0.04058
    divDirectCentered: 0.00147909
    forwardLap:        6.17835
    backwardLap:       6.17835
    centeredLap:       6.16295
    directLap:         0.00252828
    directLap_bc_along: 0.00489903
# of cg iterations 	86	# took 	1.81932s
    invForwardLap:     0.00176161
# of cg iterations 	86	# took 	1.81089s
    invBackwardLap:    0.00176161
# of cg iterations 	71	# took 	1.45204s
    invCenteredLap:    0.00304126
# Reconstruct parallel derivative!
# DS: High order grid gen  took: 0.00039824
# DS: Computing all points took: 0.329818
# DS: Multiplication PI    took: 0.0373888
# TEST DIR Boundary conditions!
Dirichlet: 
    forward:           0.0405691
    backward:          0.0405691
    forward2:          0.00322476
    backward2:         0.00322476
    centered:          0.00168976
    dss:               0.0254117
    centered_bc_along: 0.00144885
    dss_bc_along:      0.00535833
    divForward:        7.37259
    divBackward:       7.37259
    divCentered:       6.35052
    divDirectForward:  0.0405651
    divDirectBackward: 0.0405651
    divDirectCentered: 0.00168954
    forwardLap:        6.1784
    backwardLap:       6.1784
    centeredLap:       6.16304
    directLap:         0.0254142
    directLap_bc_along: 0.0053593
# of cg iterations 	91	# took 	2.1289s
    invForwardLap:     0.00176178
# of cg iterations 	91	# took 	1.92109s
    invBackwardLap:    0.00176178
# of cg iterations 	80	# took 	1.69534s
    invCenteredLap:    0.00304308
# TEST FIELDALIGNED EVALUATION of a Gaussian
# took 34.088s
# Norm Centered Derivative 0.100809 (compare with that of ds_mpit)
# TEST STAGGERED GRID DERIVATIVE
# DS: High order grid gen  took: 0.000391168
# DS: Computing all points took: 0.272428
# DS: Multiplication PI    took: 0.035934
NeumannST:
    forward:           0.00162155
    backward:          0.00162155
DirichletST:
    forward:           0.00165244
    backward:          0.00165244
