# Test the parallel derivative DS in cylindrical coordinates for circular flux surfaces with DIR and NEU boundary conditions.
# Type n (3), Nx(20), Ny(20), Nz(20)
# You typed
n:  3
Nx: 10
Ny: 10
Nz: 5
# Type mx (10) and my (10)
# You typed
mx: 1
my: 1
# Type method (dg, nearest, linear, cubic) 
# You typed
method: cubic
# Create parallel Derivative!
# DS: High order grid gen  took: 0.000392864
# DS: Computing all points took: 0.0261779
# DS: Multiplication PI    took: 0.0014681
# TEST NEU Boundary conditions!
# TEST ADJOINT derivatives do unfortunately not fulfill Neumann BC!
Neumann:
    forward:           0.612523
    backward:          0.612523
    forward2:          0.509514
    backward2:         0.509514
    centered:          0.269867
    dss:               0.246646
    centered_bc_along: 0.261819
    dss_bc_along:      0.244516
    divForward:        0.679537
    divBackward:       0.679537
    divCentered:       0.341378
    divDirectForward:  0.612462
    divDirectBackward: 0.612462
    divDirectCentered: 0.269792
    forwardLap:        0.628047
    backwardLap:       0.628047
    centeredLap:       0.739349
    directLap:         0.246792
    directLap_bc_along: 0.244633
# of cg iterations 	21	# took 	0.00620064s
    invForwardLap:     0.0027925
# of cg iterations 	21	# took 	0.0169573s
    invBackwardLap:    0.0027925
# of cg iterations 	18	# took 	0.013942s
    invCenteredLap:    0.00518288
# Reconstruct parallel derivative!
# DS: High order grid gen  took: 0.000348
# DS: Computing all points took: 0.0256853
# DS: Multiplication PI    took: 0.0015695
# TEST DIR Boundary conditions!
Dirichlet: 
    forward:           0.612712
    backward:          0.612712
    forward2:          0.509456
    backward2:         0.509456
    centered:          0.270147
    dss:               0.243073
    centered_bc_along: 0.260875
    dss_bc_along:      0.239733
    divForward:        0.679133
    divBackward:       0.679133
    divCentered:       0.340734
    divDirectForward:  0.612651
    divDirectBackward: 0.612651
    divDirectCentered: 0.270074
    forwardLap:        0.623665
    backwardLap:       0.623665
    centeredLap:       0.73573
    directLap:         0.243227
    directLap_bc_along: 0.239848
# of cg iterations 	25	# took 	0.00847946s
    invForwardLap:     0.00271583
# of cg iterations 	25	# took 	0.00571046s
    invBackwardLap:    0.00271583
# of cg iterations 	22	# took 	0.0173035s
    invCenteredLap:    0.00514786
# TEST FIELDALIGNED EVALUATION of a Gaussian
# took 0.0728129s
# Norm Centered Derivative 0.0752999 (compare with that of ds_mpit)
# TEST STAGGERED GRID DERIVATIVE
# DS: High order grid gen  took: 0.000395264
# DS: Computing all points took: 0.0220162
# DS: Multiplication PI    took: 0.00147005
NeumannST:
    forward:           0.261901
    backward:          0.261901
DirichletST:
    forward:           0.261225
    backward:          0.261225
