# Test the parallel derivative DS in cylindrical coordinates for circular flux surfaces with DIR and NEU boundary conditions.
# Type n (3), Nx(20), Ny(20), Nz(20)
# You typed
n:  3
Nx: 16
Ny: 16
Nz: 10
# Type mx (10) and my (10)
# You typed
mx: 1
my: 1
# Type method (dg, nearest, linear, cubic) 
# You typed
method: dg
# Create parallel Derivative!
# DS: High order grid gen  took: 0.000428896
# DS: Computing all points took: 0.041802
# DS: Multiplication PI    took: 0.00199888
# TEST NEU Boundary conditions!
# TEST ADJOINT derivatives do unfortunately not fulfill Neumann BC!
Neumann:
    forward:           0.319986
    backward:          0.319986
    forward2:          0.162377
    backward2:         0.162377
    centered:          0.0821044
    dss:               0.115752
    centered_bc_along: 0.0798747
    dss_bc_along:      0.106109
    divForward:        1.00333
    divBackward:       1.00333
    divCentered:       0.687685
    divDirectForward:  0.319954
    divDirectBackward: 0.319954
    divDirectCentered: 0.0820947
    forwardLap:        0.711328
    backwardLap:       0.711328
    centeredLap:       0.699757
    directLap:         0.115826
    directLap_bc_along: 0.106168
# of cg iterations 	28	# took 	0.0280719s
    invForwardLap:     0.00236574
# of cg iterations 	28	# took 	0.0145356s
    invBackwardLap:    0.00236574
# of cg iterations 	24	# took 	0.0117195s
    invCenteredLap:    0.0032551
# Reconstruct parallel derivative!
# DS: High order grid gen  took: 0.000448512
# DS: Computing all points took: 0.0416252
# DS: Multiplication PI    took: 0.00195133
# TEST DIR Boundary conditions!
Dirichlet: 
    forward:           0.319633
    backward:          0.319633
    forward2:          0.161012
    backward2:         0.161012
    centered:          0.0804659
    dss:               0.129287
    centered_bc_along: 0.0783673
    dss_bc_along:      0.10363
    divForward:        1.00325
    divBackward:       1.00325
    divCentered:       0.687697
    divDirectForward:  0.319602
    divDirectBackward: 0.319602
    divDirectCentered: 0.0804557
    forwardLap:        0.712914
    backwardLap:       0.712914
    centeredLap:       0.700085
    directLap:         0.129347
    directLap_bc_along: 0.103679
# of cg iterations 	32	# took 	0.0157315s
    invForwardLap:     0.00236044
# of cg iterations 	32	# took 	0.0158836s
    invBackwardLap:    0.00236044
# of cg iterations 	29	# took 	0.0139981s
    invCenteredLap:    0.00323501
# TEST FIELDALIGNED EVALUATION of a Gaussian
# took 0.328888s
# Norm Centered Derivative 0.0923901 (compare with that of ds_mpit)
# TEST STAGGERED GRID DERIVATIVE
# DS: High order grid gen  took: 0.000391904
# DS: Computing all points took: 0.0362606
# DS: Multiplication PI    took: 0.00230416
NeumannST:
    forward:           0.0801292
    backward:          0.0801292
DirichletST:
    forward:           0.0788495
    backward:          0.0788495
