# Test the parallel derivative DS in cylindrical coordinates for circular flux surfaces with DIR and NEU boundary conditions.
# Type n (3), Nx(20), Ny(20), Nz(20)
# You typed
n:  3
Nx: 40
Ny: 40
Nz: 40
# Type mx (10) and my (10)
# You typed
mx: 1
my: 1
# Type method (dg, nearest, linear, cubic) 
# You typed
method: linear
# Create parallel Derivative!
# DS: High order grid gen  took: 0.000607584
# DS: Computing all points took: 0.151576
# DS: Multiplication PI    took: 0.0079231
# TEST NEU Boundary conditions!
# TEST ADJOINT derivatives do unfortunately not fulfill Neumann BC!
Neumann:
    forward:           0.0822588
    backward:          0.0822591
    forward2:          0.0131875
    backward2:         0.0131787
    centered:          0.00616421
    dss:               0.0233273
    centered_bc_along: 0.00605923
    dss_bc_along:      0.0244058
    divForward:        1.87805
    divBackward:       1.87805
    divCentered:       1.44196
    divDirectForward:  0.0822506
    divDirectBackward: 0.0822509
    divDirectCentered: 0.00616384
    forwardLap:        1.40388
    backwardLap:       1.40388
    centeredLap:       1.39495
    directLap:         0.0233347
    directLap_bc_along: 0.0244112
# of cg iterations 	50	# took 	0.174654s
    invForwardLap:     0.00103399
# of cg iterations 	50	# took 	0.159205s
    invBackwardLap:    0.00103399
# of cg iterations 	40	# took 	0.122217s
    invCenteredLap:    0.00198673
# Reconstruct parallel derivative!
# DS: High order grid gen  took: 0.000436448
# DS: Computing all points took: 0.154332
# DS: Multiplication PI    took: 0.00794912
# TEST DIR Boundary conditions!
Dirichlet: 
    forward:           0.0821847
    backward:          0.0821848
    forward2:          0.0125857
    backward2:         0.0125799
    centered:          0.00641101
    dss:               0.04578
    centered_bc_along: 0.00592265
    dss_bc_along:      0.0247678
    divForward:        1.87804
    divBackward:       1.87804
    divCentered:       1.44196
    divDirectForward:  0.0821765
    divDirectBackward: 0.0821766
    divDirectCentered: 0.00641028
    forwardLap:        1.40434
    backwardLap:       1.40434
    centeredLap:       1.39552
    directLap:         0.0457867
    directLap_bc_along: 0.0247729
# of cg iterations 	58	# took 	0.184283s
    invForwardLap:     0.00104135
# of cg iterations 	58	# took 	0.184554s
    invBackwardLap:    0.00104135
# of cg iterations 	42	# took 	0.129195s
    invCenteredLap:    0.00200243
# TEST FIELDALIGNED EVALUATION of a Gaussian
# took 6.82299s
# Norm Centered Derivative 0.100178 (compare with that of ds_mpit)
# TEST STAGGERED GRID DERIVATIVE
# DS: High order grid gen  took: 0.000566912
# DS: Computing all points took: 0.133689
# DS: Multiplication PI    took: 0.0071457
NeumannST:
    forward:           0.006821
    backward:          0.006821
DirichletST:
    forward:           0.00679508
    backward:          0.00679508
