# Test the parallel derivative DS in cylindrical coordinates for circular flux surfaces with DIR and NEU boundary conditions.
# Type n (3), Nx(20), Ny(20), Nz(20)
# You typed
n:  3
Nx: 100
Ny: 100
Nz: 160
# Type mx (10) and my (10)
# You typed
mx: 10
my: 10
# Create parallel Derivative!
# DS: High order grid gen  took: 0.000547221
# DS: Computing all points took: 7.25246
# DS: Multiplication PI    took: 27.2614
# TEST NEU Boundary conditions!
# TEST ADJOINT derivatives do unfortunately not fulfill Neumann BC!
Neumann:
    forward:           0.0202959
    backward:          0.0202959
    centered:          0.000370665
    dss:               0.000686417
    divForward:        1.1118
    divBackward:       1.1118
    divCentered:       0.980884
    divDirectForward:  0.0202939
    divDirectBackward: 0.0202939
    divDirectCentered: 0.000370628
    forwardLap:        0.95317
    backwardLap:       0.95317
    centeredLap:       0.952615
    directLap:         0.000686748
# of cg iterations 	109	# took 	134.587s
    invForwardLap:     0.000159906
# of cg iterations 	109	# took 	138.472s
    invBackwardLap:    0.000159906
# of cg iterations 	87	# took 	111.437s
    invCenteredLap:    0.000181181
# Reconstruct parallel derivative!
# DS: High order grid gen  took: 0.000428437
# DS: Computing all points took: 7.42082
# DS: Multiplication PI    took: 27.8165
# TEST DIR Boundary conditions!
Dirichlet: 
    forward:           0.020292
    backward:          0.020292
    centered:          0.000484273
    dss:               0.0168443
    divForward:        1.1118
    divBackward:       1.1118
    divCentered:       0.980884
    divDirectForward:  0.0202899
    divDirectBackward: 0.0202899
    divDirectCentered: 0.000484225
    forwardLap:        0.953326
    backwardLap:       0.953326
    centeredLap:       0.952899
    directLap:         0.0168459
# of cg iterations 	115	# took 	147.292s
    invForwardLap:     0.000160033
# of cg iterations 	115	# took 	143.457s
    invBackwardLap:    0.000160033
# of cg iterations 	96	# took 	115.437s
    invCenteredLap:    0.00018947
# TEST FIELDALIGNED EVALUATION of a Gaussian
# Norm Centered Derivative 0.100657 (compare with that of ds_mpit)
