# Test the parallel derivative DS in cylindrical coordinates for circular flux surfaces with DIR and NEU boundary conditions.
# Type n (3), Nx(20), Ny(20), Nz(20)
# You typed
n:  3
Nx: 26
Ny: 26
Nz: 20
# Type mx (10) and my (10)
# You typed
mx: 1
my: 1
# Type method (dg, nearest, linear, cubic) 
# You typed
method: dg
# Create parallel Derivative!
# DS: High order grid gen  took: 0.000368928
# DS: Computing all points took: 0.078053
# DS: Multiplication PI    took: 0.00561594
# TEST NEU Boundary conditions!
# TEST ADJOINT derivatives do unfortunately not fulfill Neumann BC!
Neumann:
    forward:           0.161739
    backward:          0.161739
    forward2:          0.0465725
    backward2:         0.0465725
    centered:          0.0226762
    dss:               0.0367202
    centered_bc_along: 0.0222116
    dss_bc_along:      0.0400169
    divForward:        1.94713
    divBackward:       1.94713
    divCentered:       1.40358
    divDirectForward:  0.161723
    divDirectBackward: 0.161723
    divDirectCentered: 0.0226731
    forwardLap:        1.36424
    backwardLap:       1.36424
    centeredLap:       1.3468
    directLap:         0.0367416
    directLap_bc_along: 0.0400345
# of cg iterations 	38	# took 	0.0571435s
    invForwardLap:     0.00348557
# of cg iterations 	38	# took 	0.0571114s
    invBackwardLap:    0.00348557
# of cg iterations 	31	# took 	0.0457533s
    invCenteredLap:    0.00403899
# Reconstruct parallel derivative!
# DS: High order grid gen  took: 0.000430048
# DS: Computing all points took: 0.0806229
# DS: Multiplication PI    took: 0.0061737
# TEST DIR Boundary conditions!
Dirichlet: 
    forward:           0.16155
    backward:          0.16155
    forward2:          0.0451059
    backward2:         0.0451059
    centered:          0.0222988
    dss:               0.068976
    centered_bc_along: 0.0215789
    dss_bc_along:      0.0400739
    divForward:        1.94711
    divBackward:       1.94711
    divCentered:       1.40357
    divDirectForward:  0.161534
    divDirectBackward: 0.161534
    divDirectCentered: 0.0222955
    forwardLap:        1.36514
    backwardLap:       1.36514
    centeredLap:       1.34727
    directLap:         0.0689915
    directLap_bc_along: 0.0400886
# of cg iterations 	44	# took 	0.0528967s
    invForwardLap:     0.00349489
# of cg iterations 	44	# took 	0.0526433s
    invBackwardLap:    0.00349489
# of cg iterations 	36	# took 	0.0423483s
    invCenteredLap:    0.00404105
# TEST FIELDALIGNED EVALUATION of a Gaussian
# took 1.61074s
# Norm Centered Derivative 0.0984999 (compare with that of ds_mpit)
# TEST STAGGERED GRID DERIVATIVE
# DS: High order grid gen  took: 0.000366848
# DS: Computing all points took: 0.0658734
# DS: Multiplication PI    took: 0.00500435
NeumannST:
    forward:           0.0228272
    backward:          0.0228272
DirichletST:
    forward:           0.021978
    backward:          0.021978
