# Test the parallel derivative DS in cylindrical coordinates for the guenther flux surfaces. Fieldlines do not cross boundaries.
# Type n (3), Nx(20), Ny(20), Nz(20)
# You typed
n:  3
Nx: 160
Ny: 160
Nz: 80
# Type mx (10) and my (10)
# You typed
mx: 1
my: 1
# Type method (dg, nearest, linear, cubic) 
# You typed
method: linear
# Create parallel Derivative!
# DS: High order grid gen  took: 0.000789284
# DS: Computing all points took: 18.0227
# DS: Multiplication PI    took: 0.216178
# TEST Guenther (No Boundary conditions)!
Guenther : #rel_Error rel_Volume_integral(should be zero for div and Lap)
    forward:           0.041785
    forward_vol:                       -0.000527024
    backward:          0.0418886
    backward_vol:                      0.000515351
    forward2:          0.00895019
    forward2_vol:                      -0.000688789
    backward2:         0.00974948
    backward2_vol:                     0.00070686
    centered:          0.00440898
    centered_vol:                      -5.83627e-06
    dss:               0.0969649
    dss_vol:                           -0.000891361
    centered_bc_along: 0.00440898
    centered_bc_along_vol:             -5.83627e-06
    dss_bc_along:      0.0969649
    dss_bc_along_vol:                  -0.000891361
    divForward:        0.0418503
    divForward_vol:                    -0.000393403
    divBackward:       0.0419588
    divBackward_vol:                   0.000391471
    divCentered:       0.0044101
    divCentered_vol:                   -9.66018e-07
    directLap:         0.0970093
    directLap_vol:                     -0.000816826
#Number of BICGSTABl iterations: 37
#Took                          : 657.994
    invCenteredLap:    0.000422243
    invCenteredLap_vol:                20.9438
# TEST STAGGERED GRID DERIVATIVE
# DS: High order grid gen  took: 0.000617797
# DS: Computing all points took: 12.1631
# DS: Multiplication PI    took: 0.168083
    centeredST:        0.00423215 #  	-2.5526e-06
# TEST VOLUME FORMS
volume_error:
    minus:             2.26173e-16
    plus:              2.26173e-16
    Inv:               0.263223
