# Test the parallel derivative DS in cylindrical coordinates for the guenther flux surfaces. Fieldlines do not cross boundaries.
# Type n (3), Nx(20), Ny(20), Nz(20)
# You typed
n:  3
Nx: 160
Ny: 160
Nz: 80
# Type mx (10) and my (10)
# You typed
mx: 10
my: 10
# Type method (dg, nearest, linear, cubic) 
# You typed
method: linear
# Create parallel Derivative!
# DS: High order grid gen  took: 0.00117343
# DS: Computing all points took: 28.7942
# DS: Multiplication PI    took: 51.5199
# TEST Guenther (No Boundary conditions)!
Guenther : #rel_Error rel_Volume_integral(should be zero for div and Lap)
    forward:           0.0417069
    forward_vol:                       -0.000499555
    backward:          0.041715
    backward_vol:                      0.000487706
    forward2:          0.00735339
    forward2_vol:                      -0.000488373
    backward2:         0.00748001
    backward2_vol:                     0.000508184
    centered:          0.00146878
    centered_vol:                      -5.92448e-06
    dss:               0.113866
    dss_vol:                           -0.000828304
    centered_bc_along: 0.00146878
    centered_bc_along_vol:             -5.92448e-06
    dss_bc_along:      0.113866
    dss_bc_along_vol:                  -0.000828304
    divForward:        0.0417731
    divForward_vol:                    -0.000366448
    divBackward:       0.0417849
    divBackward_vol:                   0.00036434
    divCentered:       0.00148058
    divCentered_vol:                   -1.05395e-06
    directLap:         0.113916
    directLap_vol:                     -0.000754414
#Number of BICGSTABl iterations: 33
#Took                          : 119.757
    invCenteredLap:    0.000450442
    invCenteredLap_vol:                20.9437
# TEST STAGGERED GRID DERIVATIVE
# DS: High order grid gen  took: 0.00061678
# DS: Computing all points took: 28.7964
# DS: Multiplication PI    took: 51.7207
    centeredST:        0.00142905 #  	-2.80139e-06
# TEST VOLUME FORMS
volume_error:
    minus:             2.26173e-16
    plus:              2.26173e-16
    Inv:               0.101376
