# Test the parallel derivative DS in cylindrical coordinates for the guenther flux surfaces. Fieldlines do not cross boundaries.
# Type n (3), Nx(20), Ny(20), Nz(20)
# You typed
n:  3
Nx: 80
Ny: 80
Nz: 40
# Type mx (10) and my (10)
# You typed
mx: 1
my: 1
# Type method (dg, nearest, linear, cubic) 
# You typed
method: linear
# Create parallel Derivative!
# DS: High order grid gen  took: 0.00151966
# DS: Computing all points took: 3.05953
# DS: Multiplication PI    took: 0.0391584
# TEST Guenther (No Boundary conditions)!
Guenther : #rel_Error rel_Volume_integral(should be zero for div and Lap)
    forward:           0.0831334
    forward_vol:                       -0.00103378
    backward:          0.0832639
    backward_vol:                      0.000987035
    forward2:          0.0160644
    forward2_vol:                      -0.00128379
    backward2:         0.0170126
    backward2_vol:                     0.00135671
    centered:          0.00793101
    centered_vol:                      -2.33711e-05
    dss:               0.0696879
    dss_vol:                           -0.000856596
    centered_bc_along: 0.00793101
    centered_bc_along_vol:             -2.33711e-05
    dss_bc_along:      0.0696879
    dss_bc_along_vol:                  -0.000856596
    divForward:        0.0832635
    divForward_vol:                    -0.000757452
    divBackward:       0.0834063
    divBackward_vol:                   0.000749619
    divCentered:       0.00796268
    divCentered_vol:                   -3.91636e-06
    directLap:         0.0697238
    directLap_vol:                     -0.000782424
#Number of BICGSTABl iterations: 19
#Took                          : 218.375
    invCenteredLap:    0.000520303
    invCenteredLap_vol:                20.9434
# TEST STAGGERED GRID DERIVATIVE
# DS: High order grid gen  took: 0.000607778
# DS: Computing all points took: 4.33939
# DS: Multiplication PI    took: 0.0515136
    centeredST:        0.00758209 #  	-1.03245e-05
# TEST VOLUME FORMS
volume_error:
    minus:             1.84331e-14
    plus:              1.84331e-14
    Inv:               0.265979
